The randomly generated tall matrix A is:

        23          8         17          0         21         23         28         28          6 
        17         27         26         29          7         16          4         10         19 
        13         29          8         14          8         15         19          0         11 
        14          5          3         26         26         12          4         18         16 
        14         18         24         17          7         23         28         13         23 
        14         20          7          1         11         21         21         19         28 
        12          8         29          2         10         20         11         13         23 
         3         21          1         14         24         19          0         20         21 
        24         25         21         14         15         24         21          5         10 
         3         12         23         12          4          7         13         22          9 
        16         12          8          3          5         24          0         25         22 
        22          0         25         17          1         21         29         26         23 
         7         27         22          4         10          5         10          7          1 
        29         21         16         24          0          2         10         13          7 
        13         21         20         27         14         20          2         29          5 
        15         15         11          1         12          7         13          6         24 
After performing decomp, the matrix R is given as:

      65.9       59.3       61.6       49.2       36.7       60.4       54.6       57.4       55.3 
         0       46.1       14.5       16.5       15.1       12.9       1.65       3.64       11.8 
         0          0       37.7       5.33      -3.72       9.35       13.9       13.6       6.81 
         0          0          0       37.9       4.17       -1.8        -13       8.59     -0.937 
         0          0          0          0       34.2       18.8       4.78       21.8       13.8 
         0          0          0          0          0       27.3       6.93       15.5       20.5 
         0          0          0          0          0          0       30.5      -4.77        1.5 
         0          0          0          0          0          0          0       30.1       2.16 
         0          0          0          0          0          0          0          0       32.3 
It can be seen that R is indeed upper triangular
The matrix Q is:

     0.349     -0.276    -0.0137     -0.331      0.399    -0.0921      0.131      0.177     -0.449 
     0.258      0.254       0.17      0.295     -0.202   -0.00478     -0.263     -0.245      0.145 
     0.197      0.376     -0.255    -0.0147      -0.17      0.139      0.354     -0.195    -0.0993 
     0.213     -0.165     -0.205       0.51       0.52     -0.207     0.0355     -0.106      0.165 
     0.213      0.117      0.244      0.087    -0.0596       0.28      0.402      -0.16     0.0964 
     0.213      0.161     -0.224     -0.288     0.0329      0.258      0.215      0.267      0.278 
     0.182    -0.0609      0.495     -0.227      0.205     0.0324     -0.323     -0.284      0.237 
    0.0456      0.397     -0.201      0.165      0.434      0.187    -0.0519      0.153      0.163 
     0.364     0.0736     -0.067     -0.126     0.0225      0.037   -0.00296     -0.508      -0.33 
    0.0456      0.202      0.459      0.105     0.0157     -0.101       0.19      0.455     0.0517 
     0.243    -0.0522     -0.165      -0.19    -0.0864       0.47     -0.531      0.238     0.0607 
     0.334      -0.43      0.283      0.162     -0.128      0.237      0.283      0.121      0.125 
     0.106      0.449      0.237     -0.261     0.0369      -0.39    -0.0232      0.114     -0.147 
      0.44     -0.111     -0.253      0.145     -0.469     -0.429     -0.106      0.223     0.0238 
     0.197      0.202       0.13      0.349     0.0794      0.124      -0.25      0.243     -0.391 
     0.228     0.0324    -0.0931      -0.27      0.114     -0.328   0.000777    -0.0336      0.515 
Now to check that Q * Q^T is indeed equal to the idendity matrix. Using approx from the matrix class:
Is Q^T * Q = 1? True
Now to check that Q * R = A
Is Q * R = A? True
Now for checking solve. The square matrix A2 is:

        11          1          2         23         27         23          1 
         4          5         28         29         22          7         17 
        13         16          5          3          9         13          2 
         2         11         29         25         21         19         27 
         8          8         10         23          7         23          2 
         6         10         27         22          4         12         15 
        27          1          5         22          8         23         17 
And the corresponding randomly generated vector b is:
        26          1         10         26         11         13          9 
After getting Q2 and R2, qrgs.solve is used, and the x we get is:
     0.593      -3.75       4.18      -4.12      0.939       3.73      -1.58 
Is A * x = b? Using approx: True
Now for part b, checking the inverse. I use the same matrix A2 from before.
The inverse matrix of A2 is:

    0.0456    -0.0174     0.0177    -0.0463    -0.0763     0.0858     0.0195 
    -0.165      0.131     0.0716     0.0265      0.171      -0.23     0.0118 
     0.165     -0.132    -0.0248    -0.0401     -0.186      0.286    -0.0414 
    -0.145      0.147    0.00542   0.000241       0.18     -0.215     0.0291 
    0.0471   -0.00212     0.0126    0.00302    -0.0499     0.0141    -0.0135 
     0.108     -0.132    -0.0298     0.0182    -0.0793      0.149    -0.0211 
   -0.0923     0.0489    0.00222     0.0574     0.0631     -0.136     0.0366 
Is A2 * A2inv same as I? Using approx: True
